100
4 2
5 2
6 2
1000 1000
1000 1
500 117
467 450
2 2
806 781
3 1
500 253
401 356
256 225
999 511
999 255
874 687
684 513
999 512
3 2
453 438
2 1
757 688
1000 511
500 127
1000 2
500 128
529 427
999 128
1000 256
987 865
557 506
500 256
4 1
942 920
999 487
500 101
815 675
1000 457
439 388
999 999
827 671
999 438
449 357
999 498
638 496
331 250
969 799
999 998
1000 255
400 356
999 256
1 1
784 693
634 499
357 310
536 470
1000 489
803 777
927 792
642 550
999 1
5 1
377 282
500 129
999 2
500 255
1000 500
999 499
1000 498
615 474
999 495
500 245
1000 508
500 500
709 598
500 250
427 410
500 244
771 727
1000 999
999 488
500 249
500 499
500 1
329 283
1000 499
467 397
500 248
752 674
1000 512
1000 127
500 116
437 426
500 2
999 127
1000 128
999 497
603 470
258 224
1000 488
