100
2 2
0.50 0.50
4 2
0.00 0.00 1.00 1.00
3 2
0.50 0.75 1.00
8 6
1.00 1.00 1.00 1.00 1.00 1.00 0.00 1.00
16 6
0.01 0.01 0.02 0.00 0.02 0.02 0.02 0.00 0.01 0.00 0.02 0.01 0.02 0.00 0.02 0.00
4 2
1.00 1.00 1.00 0.00
12 12
0.12 0.62 0.20 0.70 0.80 0.50 0.22 0.55 0.15 0.98 0.65 0.80
16 2
0.55 0.61 0.57 0.36 0.67 0.41 0.61 0.36 0.48 0.47 0.56 0.48 0.59 0.67 0.65 0.51
16 2
0.29 0.47 0.67 0.09 0.38 0.30 0.18 0.91 0.95 0.11 0.19 0.64 0.67 0.66 0.78 0.67
2 2
0.00 0.00
16 6
0.51 0.50 0.49 0.50 0.49 0.49 0.50 0.51 0.51 0.49 0.51 0.51 0.49 0.51 0.49 0.50
4 2
0.00 0.02 0.00 1.00
16 8
0.33 0.02 0.14 0.00 0.40 0.00 0.01 0.02 0.20 0.02 0.00 0.25 0.04 0.00 0.07 0.00
16 14
0.50 0.51 0.51 0.49 0.51 0.51 0.51 0.51 0.50 0.49 0.50 0.51 0.51 0.50 0.49 0.50
16 10
0.30 0.63 0.59 0.53 0.32 0.58 0.43 0.53 0.33 0.59 0.38 0.39 0.50 0.51 0.48 0.61
8 4
0.00 1.00 0.00 0.00 1.00 1.00 1.00 0.00
16 6
1.00 0.98 1.00 1.00 0.99 0.98 1.00 0.98 0.99 0.99 0.98 1.00 0.98 1.00 1.00 0.99
16 8
0.69 0.01 0.00 0.05 0.03 0.62 0.03 0.09 0.06 0.08 0.10 0.64 0.04 0.08 0.06 0.60
16 8
0.42 0.57 0.52 0.27 0.45 0.42 0.42 0.60 0.33 0.26 0.47 0.31 0.61 0.46 0.27 0.30
3 2
0.40 0.60 0.50
16 10
0.02 0.00 0.03 0.09 0.60 0.09 0.60 0.06 0.05 0.04 0.06 0.07 0.63 0.05 0.65 0.02
16 10
0.51 0.50 0.50 0.51 0.49 0.50 0.51 0.51 0.49 0.49 0.49 0.51 0.51 0.50 0.49 0.51
16 14
0.00 0.02 0.01 0.00 0.01 0.02 0.00 0.00 0.02 0.02 0.01 0.02 0.01 0.02 0.02 0.01
8 4
1.00 1.00 1.00 0.00 0.00 0.00 1.00 1.00
2 2
0.50 0.00
4 4
0.00 1.00 0.00 1.00
16 8
0.27 0.10 0.98 0.27 0.25 0.98 0.99 0.15 0.99 0.18 0.16 0.99 0.99 0.99 0.02 0.98
16 6
0.27 0.54 0.48 0.33 0.50 0.43 0.28 0.42 0.04 0.05 0.79 0.12 0.29 0.13 0.21 0.44
16 8
0.95 0.00 0.06 0.98 0.01 0.07 0.01 0.01 0.99 0.96 0.00 0.97 0.95 0.91 0.90 0.10
2 2
0.05 0.45
4 4
0.98 0.01 0.99 0.01
16 8
0.63 0.47 0.65 0.41 0.42 0.39 0.63 0.52 0.65 0.40 0.40 0.49 0.39 0.46 0.63 0.50
3 2
0.10 0.80 0.50
16 14
0.98 1.00 0.98 1.00 0.99 0.98 0.99 1.00 1.00 1.00 1.00 1.00 0.99 1.00 1.00 1.00
8 6
1.00 1.00 1.00 1.00 1.00 1.00 1.00 1.00
4 2
1.00 0.00 0.00 0.00
16 4
0.09 0.65 0.09 0.00 0.61 0.04 0.04 0.06 0.03 0.04 0.62 0.66 0.00 0.05 0.03 0.02
16 12
0.00 0.10 0.69 0.68 0.01 0.08 0.07 0.10 0.02 0.07 0.61 0.04 0.01 0.07 0.60 0.09
3 2
1.00 0.00 0.00
3 2
0.30 0.50 0.80
16 10
1.00 0.98 0.99 0.98 0.99 1.00 1.00 0.98 1.00 1.00 1.00 0.98 0.98 0.99 0.99 1.00
4 2
0.00 0.02 0.00 0.00
16 2
0.99 0.98 0.99 0.99 0.98 0.99 1.00 0.99 0.99 0.99 1.00 0.98 0.98 1.00 0.99 0.99
2 2
1.00 1.00
16 2
0.51 0.51 0.51 0.49 0.49 0.51 0.51 0.49 0.49 0.50 0.50 0.49 0.51 0.51 0.50 0.49
16 10
0.47 0.49 0.45 0.48 0.63 0.59 0.54 0.62 0.57 0.48 0.45 0.65 0.49 0.55 0.52 0.67
16 10
0.48 0.55 0.53 0.65 0.63 0.49 0.45 0.59 0.67 0.45 0.57 0.62 0.49 0.47 0.54 0.48
16 14
0.37 0.45 0.40 0.65 0.34 0.57 0.52 0.48 0.69 0.68 0.33 0.58 0.43 0.60 0.40 0.67
4 2
1.00 0.98 0.00 1.00
8 2
1.00 1.00 1.00 1.00 1.00 1.00 1.00 1.00
4 4
0.50 0.50 0.50 0.50
16 8
0.98 0.02 0.87 0.00 0.99 0.02 0.01 0.02 0.74 0.02 0.02 0.71 0.01 0.95 0.66 0.94
16 8
0.19 0.17 0.38 0.19 0.01 0.31 0.24 0.00 0.02 0.02 0.02 0.01 0.01 0.41 0.43 0.00
8 2
0.00 1.00 1.00 0.00 0.00 1.00 1.00 1.00
3 2
0.01 0.02 0.04
16 14
0.75 0.32 0.92 0.56 0.15 0.91 0.85 0.52 0.98 0.50 0.28 0.20 0.48 0.82 1.00 0.96
16 8
0.02 0.05 0.78 0.10 0.33 0.05 0.07 0.10 0.89 0.80 0.07 0.53 0.71 0.01 0.36 0.02
16 8
0.16 0.02 0.08 0.01 0.05 0.55 0.03 0.20 1.00 0.00 0.71 0.40 0.47 0.02 0.18 0.10
16 8
0.27 0.60 0.47 0.45 0.42 0.26 0.52 0.42 0.42 0.46 0.33 0.27 0.58 0.61 0.31 0.30
16 2
0.66 0.69 0.08 0.00 0.00 0.66 0.03 0.01 0.08 0.62 0.07 0.09 0.00 0.02 0.05 0.00
16 8
0.99 0.28 0.99 0.16 0.99 0.05 0.20 0.98 0.32 1.00 0.99 1.00 0.99 0.11 0.46 0.01
16 6
0.00 0.62 0.65 0.04 0.66 0.67 0.65 0.60 0.70 0.62 0.01 0.68 0.61 0.69 0.05 0.68
16 8
0.08 0.90 0.99 0.99 0.05 0.03 0.94 0.08 0.99 0.94 0.06 0.97 0.01 0.90 0.01 0.03
16 8
0.97 0.99 0.54 1.00 0.95 0.99 0.75 0.98 0.83 0.98 1.00 0.99 0.98 0.72 1.00 0.74
16 8
0.08 0.07 0.19 0.52 0.38 0.04 0.09 0.24 0.09 0.10 0.96 0.08 0.07 0.29 0.77 0.77
16 8
0.00 0.01 0.66 0.61 0.04 0.61 0.61 0.67 0.60 0.68 0.70 0.70 0.61 0.09 0.61 0.63
16 6
0.70 0.50 0.42 0.43 0.64 0.30 0.43 0.59 0.42 0.30 0.47 0.67 0.67 0.40 0.55 0.32
16 8
0.65 0.43 0.44 0.67 0.53 0.64 0.52 0.61 0.55 0.67 0.50 0.65 0.44 0.53 0.51 0.64
2 2
1.00 0.00
8 2
1.00 1.00 1.00 0.00 1.00 1.00 1.00 1.00
16 6
0.06 0.10 0.08 0.03 0.09 0.03 0.66 0.62 0.70 0.04 0.01 0.00 0.65 0.03 0.06 0.00
8 6
1.00 0.00 0.00 1.00 1.00 1.00 0.00 1.00
16 8
0.02 0.77 0.92 0.02 0.77 0.01 0.00 0.00 0.78 0.02 0.79 0.00 0.50 0.67 0.02 0.77
16 8
0.97 0.04 0.06 0.08 0.97 0.02 0.08 0.03 0.02 0.07 0.95 0.99 0.94 0.90 0.96 0.95
4 2
0.00 0.00 0.00 0.00
16 14
0.07 0.64 0.01 0.03 0.06 0.03 0.69 0.09 0.68 0.09 0.66 0.05 0.07 0.07 0.02 0.06
16 8
0.99 1.00 0.80 0.80 1.00 0.99 0.59 1.00 0.99 0.84 0.97 0.88 0.68 0.99 1.00 0.52
12 12
0.75 0.42 0.35 0.60 0.32 0.14 0.18 0.88 0.74 0.50 0.85 0.98
16 2
0.61 0.70 0.63 0.09 0.10 0.62 0.60 0.63 0.00 0.63 0.62 0.68 0.61 0.09 0.61 0.66
4 2
0.98 0.01 0.99 0.01
8 4
0.00 1.00 1.00 1.00 1.00 1.00 1.00 1.00
16 14
0.65 0.68 0.62 0.02 0.05 0.68 0.70 0.68 0.00 0.63 0.02 0.62 0.70 0.64 0.64 0.64
8 2
0.00 1.00 1.00 1.00 1.00 0.00 1.00 1.00
8 6
0.00 1.00 1.00 1.00 1.00 0.00 1.00 1.00
16 8
0.53 0.55 0.46 0.29 0.45 0.48 0.64 0.30 0.59 0.24 0.49 0.75 0.50 0.19 0.78 0.41
16 2
0.02 0.01 0.02 0.01 0.02 0.01 0.01 0.02 0.00 0.02 0.02 0.00 0.02 0.00 0.01 0.01
16 12
0.62 0.60 0.64 0.65 0.70 0.00 0.70 0.67 0.07 0.64 0.64 0.03 0.68 0.09 0.60 0.61
16 10
0.00 0.00 0.00 0.02 0.02 0.02 0.02 0.02 0.02 0.00 0.00 0.02 0.02 0.02 0.00 0.00
8 2
0.00 0.00 1.00 1.00 1.00 0.00 0.00 1.00
8 4
1.00 1.00 1.00 1.00 1.00 1.00 1.00 1.00
16 4
0.60 0.07 0.68 0.66 0.04 0.60 0.68 0.65 0.08 0.67 0.70 0.06 0.69 0.62 0.70 0.66
16 10
0.65 0.08 0.07 0.60 0.66 0.66 0.60 0.64 0.10 0.69 0.70 0.68 0.00 0.69 0.70 0.61
12 10
0.65 0.04 0.07 0.20 0.45 0.71 0.72 0.54 0.92 0.19 0.02 0.90
8 4
1.00 1.00 0.00 1.00 1.00 1.00 0.00 1.00
16 8
0.41 0.55 0.29 0.19 0.24 0.46 0.75 0.53 0.49 0.48 0.45 0.79 0.64 0.50 0.59 0.30
3 2
0.50 0.50 0.50
16 8
0.46 0.63 0.41 0.39 0.52 0.47 0.39 0.49 0.63 0.40 0.65 0.42 0.64 0.40 0.63 0.50
8 6
1.00 0.00 1.00 0.00 1.00 0.00 1.00 0.00
16 10
0.06 0.72 0.31 0.95 0.24 0.71 0.63 0.17 0.79 0.19 0.39 0.34 0.58 0.13 0.96 0.50
16 8
0.53 0.53 0.43 0.67 0.65 0.67 0.44 0.64 0.51 0.50 0.43 0.52 0.65 0.64 0.55 0.61
