Case #1:
10000000000000000000000000011001 3 2 5 2 7 2 3 2 7
10000000000000000000000000011111 3 2 3 2 7 2 3 2 3
10000000000000000000000000110111 3 2 3 2 7 2 3 2 3
10000000000000000000000000111101 3 2 3 2 7 2 3 2 3
10000000000000000000000001001111 3 2 3 2 7 2 3 2 3
10000000000000000000000001011011 3 2 3 2 7 2 3 2 3
10000000000000000000000001100111 3 2 3 2 7 2 3 2 3
10000000000000000000000001101101 3 2 3 2 7 2 3 2 3
10000000000000000000000001110011 3 2 3 2 7 2 3 2 3
10000000000000000000000001111001 3 2 3 2 7 2 3 2 3
10000000000000000000000010010111 3 2 3 2 7 2 3 2 3
10000000000000000000000010011101 3 2 3 2 7 2 3 2 3
10000000000000000000000010110101 3 2 3 2 7 2 3 2 3
10000000000000000000000011000111 3 2 3 2 7 2 3 2 3
10000000000000000000000011001101 3 2 3 2 7 2 3 2 3
10000000000000000000000011010011 3 2 3 2 7 2 3 2 3
10000000000000000000000011011001 3 2 3 2 7 2 3 2 3
10000000000000000000000011100101 3 2 3 2 7 2 3 2 3
10000000000000000000000011110001 3 2 3 2 7 2 3 2 3
10000000000000000000000100001111 3 2 3 2 7 2 3 2 3
10000000000000000000000100011011 3 2 3 2 7 2 3 2 3
10000000000000000000000100100111 3 2 3 2 7 2 3 2 3
10000000000000000000000100101101 3 2 3 2 7 2 3 2 3
10000000000000000000000100110011 3 2 3 2 7 2 3 2 3
10000000000000000000000100111001 3 2 3 2 7 2 3 2 3
10000000000000000000000101001011 3 2 3 2 7 2 3 2 3
10000000000000000000000101100011 3 2 3 2 7 2 3 2 3
10000000000000000000000101101001 3 2 3 2 7 2 3 2 3
10000000000000000000000110000111 3 2 3 2 7 2 3 2 3
10000000000000000000000110001101 3 2 3 2 7 2 3 2 3
10000000000000000000000110010011 3 2 3 2 7 2 3 2 3
10000000000000000000000110011001 3 2 3 2 7 2 3 2 3
10000000000000000000000110100101 3 2 3 2 7 2 3 2 3
10000000000000000000000110110001 3 2 3 2 7 2 3 2 3
10000000000000000000000111000011 3 2 3 2 7 2 3 2 3
10000000000000000000000111001001 3 2 3 2 7 2 3 2 3
10000000000000000000000111001111 3 2 5 2 7 2 3 2 7
10000000000000000000000111100001 3 2 3 2 7 2 3 2 3
10000000000000000000001000010001 3 2 5 2 7 2 3 2 7
10000000000000000000001000010111 3 2 3 2 7 2 3 2 3
10000000000000000000001000011101 3 2 3 2 7 2 3 2 3
10000000000000000000001000110101 3 2 3 2 7 2 3 2 3
10000000000000000000001001000111 3 2 3 2 7 2 3 2 3
10000000000000000000001001001101 3 2 3 2 7 2 3 2 3
10000000000000000000001001010011 3 2 3 2 7 2 3 2 3
10000000000000000000001001011001 3 2 3 2 7 2 3 2 3
10000000000000000000001001100101 3 2 3 2 7 2 3 2 3
10000000000000000000001001110001 3 2 3 2 7 2 3 2 3
10000000000000000000001001111101 3 2 5 2 7 2 3 2 7
10000000000000000000001010010101 3 2 3 2 7 2 3 2 3
10000000000000000000001011000101 3 2 3 2 7 2 3 2 3
10000000000000000000001011010001 3 2 3 2 7 2 3 2 3
10000000000000000000001100000111 3 2 3 2 7 2 3 2 3
10000000000000000000001100001101 3 2 3 2 7 2 3 2 3
10000000000000000000001100010011 3 2 3 2 7 2 3 2 3
10000000000000000000001100011001 3 2 3 2 7 2 3 2 3
10000000000000000000001100100101 3 2 3 2 7 2 3 2 3
10000000000000000000001100110001 3 2 3 2 7 2 3 2 3
10000000000000000000001101000011 3 2 3 2 7 2 3 2 3
10000000000000000000001101001001 3 2 3 2 7 2 3 2 3
10000000000000000000001101100001 3 2 3 2 7 2 3 2 3
10000000000000000000001101111001 3 2 5 2 7 2 3 2 7
10000000000000000000001110000101 3 2 3 2 7 2 3 2 3
10000000000000000000001110010001 3 2 3 2 7 2 3 2 3
10000000000000000000001111000001 3 2 3 2 7 2 3 2 3
10000000000000000000001111000111 3 2 5 2 7 2 3 2 7
10000000000000000000010000001001 3 2 5 2 7 2 3 2 7
10000000000000000000010000001111 3 2 3 2 7 2 3 2 3
10000000000000000000010000011011 3 2 3 2 7 2 3 2 3
10000000000000000000010000100111 3 2 3 2 7 2 3 2 3
10000000000000000000010000101101 3 2 3 2 7 2 3 2 3
10000000000000000000010000110011 3 2 3 2 7 2 3 2 3
10000000000000000000010000111001 3 2 3 2 7 2 3 2 3
10000000000000000000010000111111 3 2 5 2 7 2 3 2 7
10000000000000000000010001001011 3 2 3 2 7 2 3 2 3
10000000000000000000010001100011 3 2 3 2 7 2 3 2 3
10000000000000000000010001101001 3 2 3 2 7 2 3 2 3
10000000000000000000010010000111 3 2 3 2 7 2 3 2 3
10000000000000000000010010001101 3 2 3 2 7 2 3 2 3
10000000000000000000010010010011 3 2 3 2 7 2 3 2 3
10000000000000000000010010011001 3 2 3 2 7 2 3 2 3
10000000000000000000010010100101 3 2 3 2 7 2 3 2 3
10000000000000000000010010110001 3 2 3 2 7 2 3 2 3
10000000000000000000010010111101 3 2 5 2 7 2 3 2 7
10000000000000000000010011000011 3 2 3 2 7 2 3 2 3
10000000000000000000010011001001 3 2 3 2 7 2 3 2 3
10000000000000000000010011100001 3 2 3 2 7 2 3 2 3
10000000000000000000010100001011 3 2 3 2 7 2 3 2 3
10000000000000000000010100100011 3 2 3 2 7 2 3 2 3
10000000000000000000010100101001 3 2 3 2 7 2 3 2 3
10000000000000000000010100111011 3 2 5 2 7 2 3 2 7
10000000000000000000010110000011 3 2 3 2 7 2 3 2 3
10000000000000000000010110001001 3 2 3 2 7 2 3 2 3
10000000000000000000010110100001 3 2 3 2 7 2 3 2 3
10000000000000000000010110111001 3 2 5 2 7 2 3 2 7
10000000000000000000010111110111 5 2 7 2 5 2 5 2 7
10000000000000000000011000000001 3 2 5 2 7 2 3 2 7
10000000000000000000011000000111 3 2 3 2 7 2 3 2 3
10000000000000000000011000001101 3 2 3 2 7 2 3 2 3
10000000000000000000011000010011 3 2 3 2 7 2 3 2 3
10000000000000000000011000011001 3 2 3 2 7 2 3 2 3
10000000000000000000011000100101 3 2 3 2 7 2 3 2 3
10000000000000000000011000110001 3 2 3 2 7 2 3 2 3
10000000000000000000011000110111 3 2 5 2 7 2 3 2 7
10000000000000000000011001000011 3 2 3 2 7 2 3 2 3
10000000000000000000011001001001 3 2 3 2 7 2 3 2 3
10000000000000000000011001011011 3 2 5 2 7 2 3 2 7
10000000000000000000011001100001 3 2 3 2 7 2 3 2 3
10000000000000000000011001101101 3 2 5 2 7 2 3 2 7
10000000000000000000011001111111 3 2 5 2 5 2 3 2 7
10000000000000000000011010000101 3 2 3 2 7 2 3 2 3
10000000000000000000011010010001 3 2 3 2 7 2 3 2 3
10000000000000000000011010110101 3 2 5 2 7 2 3 2 7
10000000000000000000011011000001 3 2 3 2 7 2 3 2 3
10000000000000000000011011011001 3 2 5 2 7 2 3 2 7
10000000000000000000011011111101 3 2 5 2 5 2 3 2 7
10000000000000000000011100000011 3 2 3 2 7 2 3 2 3
10000000000000000000011100001001 3 2 3 2 7 2 3 2 3
10000000000000000000011100100001 3 2 3 2 7 2 3 2 3
10000000000000000000011100110011 3 2 5 2 7 2 3 2 7
10000000000000000000011101101001 3 2 5 2 7 2 3 2 7
10000000000000000000011101111011 3 2 5 2 5 2 3 2 7
10000000000000000000011110000001 3 2 3 2 7 2 3 2 3
10000000000000000000011110110001 3 2 5 2 7 2 3 2 7
10000000000000000000011111111001 3 2 5 2 5 2 3 2 7
10000000000000000000011111111111 3 2 3 2 7 2 3 2 3
10000000000000000000100000010111 3 2 3 2 7 2 3 2 3
10000000000000000000100000011101 3 2 3 2 7 2 3 2 3
10000000000000000000100000110101 3 2 3 2 7 2 3 2 3
10000000000000000000100001000111 3 2 3 2 7 2 3 2 3
10000000000000000000100001001101 3 2 3 2 7 2 3 2 3
10000000000000000000100001010011 3 2 3 2 7 2 3 2 3
10000000000000000000100001011001 3 2 3 2 7 2 3 2 3
10000000000000000000100001100101 3 2 3 2 7 2 3 2 3
10000000000000000000100001110001 3 2 3 2 7 2 3 2 3
10000000000000000000100010010101 3 2 3 2 7 2 3 2 3
10000000000000000000100011000101 3 2 3 2 7 2 3 2 3
10000000000000000000100011010001 3 2 3 2 7 2 3 2 3
10000000000000000000100100000111 3 2 3 2 7 2 3 2 3
10000000000000000000100100001101 3 2 3 2 7 2 3 2 3
10000000000000000000100100010011 3 2 3 2 7 2 3 2 3
10000000000000000000100100011001 3 2 3 2 7 2 3 2 3
10000000000000000000100100100101 3 2 3 2 7 2 3 2 3
10000000000000000000100100110001 3 2 3 2 7 2 3 2 3
10000000000000000000100100111101 3 2 5 2 7 2 3 2 7
10000000000000000000100101000011 3 2 3 2 7 2 3 2 3
10000000000000000000100101001001 3 2 3 2 7 2 3 2 3
10000000000000000000100101100001 3 2 3 2 7 2 3 2 3
10000000000000000000100110000101 3 2 3 2 7 2 3 2 3
10000000000000000000100110010001 3 2 3 2 7 2 3 2 3
10000000000000000000100111000001 3 2 3 2 7 2 3 2 3
10000000000000000000101000010101 3 2 3 2 7 2 3 2 3
10000000000000000000101001000101 3 2 3 2 7 2 3 2 3
10000000000000000000101001010001 3 2 3 2 7 2 3 2 3
10000000000000000000101001011101 3 2 5 2 7 2 3 2 7
10000000000000000000101100000101 3 2 3 2 7 2 3 2 3
10000000000000000000101100010001 3 2 3 2 7 2 3 2 3
10000000000000000000101100110101 3 2 5 2 7 2 3 2 7
10000000000000000000101101000001 3 2 3 2 7 2 3 2 3
10000000000000000000101101011001 3 2 5 2 7 2 3 2 7
10000000000000000000101101111101 3 2 5 2 5 2 3 2 7
10000000000000000000110000000111 3 2 3 2 7 2 3 2 3
10000000000000000000110000001101 3 2 3 2 7 2 3 2 3
10000000000000000000110000010011 3 2 3 2 7 2 3 2 3
10000000000000000000110000011001 3 2 3 2 7 2 3 2 3
10000000000000000000110000011111 3 2 5 2 7 2 3 2 7
10000000000000000000110000100101 3 2 3 2 7 2 3 2 3
10000000000000000000110000110001 3 2 3 2 7 2 3 2 3
10000000000000000000110001000011 3 2 3 2 7 2 3 2 3
10000000000000000000110001001001 3 2 3 2 7 2 3 2 3
10000000000000000000110001100001 3 2 3 2 7 2 3 2 3
10000000000000000000110010000101 3 2 3 2 7 2 3 2 3
10000000000000000000110010010001 3 2 3 2 7 2 3 2 3
10000000000000000000110010011101 3 2 5 2 7 2 3 2 7
10000000000000000000110011000001 3 2 3 2 7 2 3 2 3
10000000000000000000110100000011 3 2 3 2 7 2 3 2 3
10000000000000000000110100001001 3 2 3 2 7 2 3 2 3
10000000000000000000110100011011 3 2 5 2 7 2 3 2 7
10000000000000000000110100100001 3 2 3 2 7 2 3 2 3
10000000000000000000110100101101 3 2 5 2 7 2 3 2 7
10000000000000000000110100111111 3 2 5 2 5 2 3 2 7
10000000000000000000110110000001 3 2 3 2 7 2 3 2 3
10000000000000000000110110011001 3 2 5 2 7 2 3 2 7
10000000000000000000110110111101 3 2 5 2 5 2 3 2 7
10000000000000000000110111111111 3 2 3 2 7 2 3 2 3
10000000000000000000111000000101 3 2 3 2 7 2 3 2 3
10000000000000000000111000010001 3 2 3 2 7 2 3 2 3
10000000000000000000111000010111 3 2 5 2 7 2 3 2 7
10000000000000000000111001000001 3 2 3 2 7 2 3 2 3
10000000000000000000111001001101 3 2 5 2 7 2 3 2 7
10000000000000000000111001011111 3 2 5 2 5 2 3 2 7
10000000000000000000111010010101 3 2 5 2 7 2 3 2 7
10000000000000000000111011011101 3 2 5 2 5 2 3 2 7
10000000000000000000111100000001 3 2 3 2 7 2 3 2 3
10000000000000000000111100010011 3 2 5 2 7 2 3 2 7
10000000000000000000111100100101 3 2 5 2 7 2 3 2 7
10000000000000000000111100110111 3 2 5 2 5 2 3 2 7
10000000000000000000111101001001 3 2 5 2 7 2 3 2 7
10000000000000000000111101011011 3 2 5 2 5 2 3 2 7
10000000000000000000111101101101 3 2 5 2 5 2 3 2 7
10000000000000000000111101111111 3 2 3 2 7 2 3 2 3
10000000000000000000111110010001 3 2 5 2 7 2 3 2 7
10000000000000000000111110110101 3 2 5 2 5 2 3 2 7
10000000000000000000111111011001 3 2 5 2 5 2 3 2 7
10000000000000000000111111011111 3 2 3 2 7 2 3 2 3
10000000000000000000111111110111 3 2 3 2 7 2 3 2 3
10000000000000000000111111111101 3 2 3 2 7 2 3 2 3
10000000000000000001000000001111 3 2 3 2 7 2 3 2 3
10000000000000000001000000011011 3 2 3 2 7 2 3 2 3
10000000000000000001000000100111 3 2 3 2 7 2 3 2 3
10000000000000000001000000101101 3 2 3 2 7 2 3 2 3
10000000000000000001000000110011 3 2 3 2 7 2 3 2 3
10000000000000000001000000111001 3 2 3 2 7 2 3 2 3
10000000000000000001000001001011 3 2 3 2 7 2 3 2 3
10000000000000000001000001100011 3 2 3 2 7 2 3 2 3
10000000000000000001000001101001 3 2 3 2 7 2 3 2 3
10000000000000000001000010000111 3 2 3 2 7 2 3 2 3
10000000000000000001000010001101 3 2 3 2 7 2 3 2 3
10000000000000000001000010010011 3 2 3 2 7 2 3 2 3
10000000000000000001000010011001 3 2 3 2 7 2 3 2 3
10000000000000000001000010100101 3 2 3 2 7 2 3 2 3
10000000000000000001000010110001 3 2 3 2 7 2 3 2 3
10000000000000000001000011000011 3 2 3 2 7 2 3 2 3
10000000000000000001000011001001 3 2 3 2 7 2 3 2 3
10000000000000000001000011100001 3 2 3 2 7 2 3 2 3
10000000000000000001000011110011 3 2 5 2 7 2 3 2 7
10000000000000000001000100001011 3 2 3 2 7 2 3 2 3
10000000000000000001000100100011 3 2 3 2 7 2 3 2 3
10000000000000000001000100101001 3 2 3 2 7 2 3 2 3
10000000000000000001000110000011 3 2 3 2 7 2 3 2 3
10000000000000000001000110001001 3 2 3 2 7 2 3 2 3
10000000000000000001000110001111 3 2 5 2 7 2 3 2 7
10000000000000000001000110100001 3 2 3 2 7 2 3 2 3
10000000000000000001001000000111 3 2 3 2 7 2 3 2 3
10000000000000000001001000001101 3 2 3 2 7 2 3 2 3
10000000000000000001001000010011 3 2 3 2 7 2 3 2 3
10000000000000000001001000011001 3 2 3 2 7 2 3 2 3
10000000000000000001001000100101 3 2 3 2 7 2 3 2 3
10000000000000000001001000110001 3 2 3 2 7 2 3 2 3
10000000000000000001001000111101 3 2 5 2 7 2 3 2 7
10000000000000000001001001000011 3 2 3 2 7 2 3 2 3
10000000000000000001001001001001 3 2 3 2 7 2 3 2 3
10000000000000000001001001100001 3 2 3 2 7 2 3 2 3
10000000000000000001001010000101 3 2 3 2 7 2 3 2 3
10000000000000000001001010010001 3 2 3 2 7 2 3 2 3
10000000000000000001001011000001 3 2 3 2 7 2 3 2 3
10000000000000000001001100000011 3 2 3 2 7 2 3 2 3
10000000000000000001001100001001 3 2 3 2 7 2 3 2 3
10000000000000000001001100100001 3 2 3 2 7 2 3 2 3
10000000000000000001001100111001 3 2 5 2 7 2 3 2 7
10000000000000000001001110000001 3 2 3 2 7 2 3 2 3
10000000000000000001001110000111 3 2 5 2 7 2 3 2 7
10000000000000000001001111001111 3 2 5 2 5 2 3 2 7
10000000000000000001001111111111 3 2 3 2 7 2 3 2 3
10000000000000000001010000001011 3 2 3 2 7 2 3 2 3
10000000000000000001010000100011 3 2 3 2 7 2 3 2 3
10000000000000000001010000101001 3 2 3 2 7 2 3 2 3
10000000000000000001010010000011 3 2 3 2 7 2 3 2 3
10000000000000000001010010001001 3 2 3 2 7 2 3 2 3
10000000000000000001010010100001 3 2 3 2 7 2 3 2 3
10000000000000000001010011100011 3 2 5 2 7 2 3 2 7
10000000000000000001011000000011 3 2 3 2 7 2 3 2 3
10000000000000000001011000001001 3 2 3 2 7 2 3 2 3
10000000000000000001011000011011 3 2 5 2 7 2 3 2 7
10000000000000000001011000100001 3 2 3 2 7 2 3 2 3
10000000000000000001011000101101 3 2 5 2 7 2 3 2 7
10000000000000000001011000111111 3 2 5 2 5 2 3 2 7
10000000000000000001011010000001 3 2 3 2 7 2 3 2 3
10000000000000000001011010011001 3 2 5 2 7 2 3 2 7
10000000000000000001011010111101 3 2 5 2 5 2 3 2 7
10000000000000000001011011111111 3 2 3 2 7 2 3 2 3
10000000000000000001011100101001 3 2 5 2 7 2 3 2 7
10000000000000000001011100111011 3 2 5 2 5 2 3 2 7
10000000000000000001011110111001 3 2 5 2 5 2 3 2 7
10000000000000000001011110111111 3 2 3 2 7 2 3 2 3
10000000000000000001011111101111 3 2 3 2 7 2 3 2 3
10000000000000000001011111111011 3 2 3 2 7 2 3 2 3
10000000000000000001100000000111 3 2 3 2 7 2 3 2 3
10000000000000000001100000001101 3 2 3 2 7 2 3 2 3
10000000000000000001100000010011 3 2 3 2 7 2 3 2 3
10000000000000000001100000011001 3 2 3 2 7 2 3 2 3
10000000000000000001100000100101 3 2 3 2 7 2 3 2 3
10000000000000000001100000110001 3 2 3 2 7 2 3 2 3
10000000000000000001100001000011 3 2 3 2 7 2 3 2 3
10000000000000000001100001001001 3 2 3 2 7 2 3 2 3
10000000000000000001100001100001 3 2 3 2 7 2 3 2 3
10000000000000000001100001100111 3 2 5 2 7 2 3 2 7
10000000000000000001100010000101 3 2 3 2 7 2 3 2 3
10000000000000000001100010010001 3 2 3 2 7 2 3 2 3
10000000000000000001100011000001 3 2 3 2 7 2 3 2 3
10000000000000000001100011010011 3 2 5 2 7 2 3 2 7
10000000000000000001100011100101 3 2 5 2 7 2 3 2 7
10000000000000000001100011110111 3 2 5 2 5 2 3 2 7
10000000000000000001100100000011 3 2 3 2 7 2 3 2 3
10000000000000000001100100001001 3 2 3 2 7 2 3 2 3
10000000000000000001100100100001 3 2 3 2 7 2 3 2 3
10000000000000000001100101100011 3 2 5 2 7 2 3 2 7
10000000000000000001100110000001 3 2 3 2 7 2 3 2 3
10000000000000000001100111100001 3 2 5 2 7 2 3 2 7
10000000000000000001100111110011 3 2 5 2 5 2 3 2 7
10000000000000000001100111111111 3 2 3 2 7 2 3 2 3
10000000000000000001101000000101 3 2 3 2 7 2 3 2 3
10000000000000000001101000010001 3 2 3 2 7 2 3 2 3
10000000000000000001101000011101 3 2 5 2 7 2 3 2 7
10000000000000000001101001000001 3 2 3 2 7 2 3 2 3
10000000000000000001101100000001 3 2 3 2 7 2 3 2 3
10000000000000000001101100011001 3 2 5 2 7 2 3 2 7
10000000000000000001101100111101 3 2 5 2 5 2 3 2 7
10000000000000000001101101111111 3 2 3 2 7 2 3 2 3
10000000000000000001101111011111 3 2 3 2 7 2 3 2 3
10000000000000000001101111110111 3 2 3 2 7 2 3 2 3
10000000000000000001101111111101 3 2 3 2 7 2 3 2 3
10000000000000000001110000000011 3 2 3 2 7 2 3 2 3
10000000000000000001110000001001 3 2 3 2 7 2 3 2 3
10000000000000000001110000100001 3 2 3 2 7 2 3 2 3
10000000000000000001110010000001 3 2 3 2 7 2 3 2 3
10000000000000000001110011000011 3 2 5 2 7 2 3 2 7
10000000000000000001110011100111 3 2 5 2 5 2 3 2 7
10000000000000000001110011111111 3 2 3 2 7 2 3 2 3
10000000000000000001110110111111 3 2 3 2 7 2 3 2 3
10000000000000000001110111100011 3 2 5 2 5 2 3 2 7
10000000000000000001110111101111 3 2 3 2 7 2 3 2 3
10000000000000000001110111111011 3 2 3 2 7 2 3 2 3
10000000000000000001111000000001 3 2 3 2 7 2 3 2 3
10000000000000000001111000001101 3 2 5 2 7 2 3 2 7
10000000000000000001111000011111 3 2 5 2 5 2 3 2 7
10000000000000000001111001101011 5 2 7 2 5 2 5 2 7
10000000000000000001111001111111 3 2 3 2 7 2 3 2 3
10000000000000000001111010011101 3 2 5 2 5 2 3 2 7
10000000000000000001111011011111 3 2 3 2 7 2 3 2 3
10000000000000000001111011110111 3 2 3 2 7 2 3 2 3
10000000000000000001111011111101 3 2 3 2 7 2 3 2 3
10000000000000000001111100001001 3 2 5 2 7 2 3 2 7
10000000000000000001111100011011 3 2 5 2 5 2 3 2 7
10000000000000000001111100101101 3 2 5 2 5 2 3 2 7
10000000000000000001111100111111 3 2 3 2 7 2 3 2 3
10000000000000000001111101101111 3 2 3 2 7 2 3 2 3
10000000000000000001111101111011 3 2 3 2 7 2 3 2 3
10000000000000000001111110011001 3 2 5 2 5 2 3 2 7
10000000000000000001111110011111 3 2 3 2 7 2 3 2 3
10000000000000000001111110110111 3 2 3 2 7 2 3 2 3
10000000000000000001111110111101 3 2 3 2 7 2 3 2 3
10000000000000000001111111001111 3 2 3 2 7 2 3 2 3
10000000000000000001111111011011 3 2 3 2 7 2 3 2 3
10000000000000000001111111100111 3 2 3 2 7 2 3 2 3
10000000000000000001111111101101 3 2 3 2 7 2 3 2 3
10000000000000000001111111110011 3 2 3 2 7 2 3 2 3
10000000000000000001111111111001 3 2 3 2 7 2 3 2 3
10000000000000000010000000010111 3 2 3 2 7 2 3 2 3
10000000000000000010000000011101 3 2 3 2 7 2 3 2 3
10000000000000000010000000110101 3 2 3 2 7 2 3 2 3
10000000000000000010000001000111 3 2 3 2 7 2 3 2 3
10000000000000000010000001001101 3 2 3 2 7 2 3 2 3
10000000000000000010000001010011 3 2 3 2 7 2 3 2 3
10000000000000000010000001011001 3 2 3 2 7 2 3 2 3
10000000000000000010000001100101 3 2 3 2 7 2 3 2 3
10000000000000000010000001110001 3 2 3 2 7 2 3 2 3
10000000000000000010000010010101 3 2 3 2 7 2 3 2 3
10000000000000000010000011000101 3 2 3 2 7 2 3 2 3
10000000000000000010000011010001 3 2 3 2 7 2 3 2 3
10000000000000000010000100000111 3 2 3 2 7 2 3 2 3
10000000000000000010000100001101 3 2 3 2 7 2 3 2 3
10000000000000000010000100010011 3 2 3 2 7 2 3 2 3
10000000000000000010000100011001 3 2 3 2 7 2 3 2 3
10000000000000000010000100100101 3 2 3 2 7 2 3 2 3
10000000000000000010000100110001 3 2 3 2 7 2 3 2 3
10000000000000000010000101000011 3 2 3 2 7 2 3 2 3
10000000000000000010000101001001 3 2 3 2 7 2 3 2 3
10000000000000000010000101001111 3 2 5 2 7 2 3 2 7
10000000000000000010000101100001 3 2 3 2 7 2 3 2 3
10000000000000000010000110000101 3 2 3 2 7 2 3 2 3
10000000000000000010000110010001 3 2 3 2 7 2 3 2 3
10000000000000000010000110010111 3 2 5 2 7 2 3 2 7
10000000000000000010000111000001 3 2 3 2 7 2 3 2 3
10000000000000000010000111001101 3 2 5 2 7 2 3 2 7
10000000000000000010000111011111 3 2 5 2 5 2 3 2 7
10000000000000000010001000010101 3 2 3 2 7 2 3 2 3
10000000000000000010001001000101 3 2 3 2 7 2 3 2 3
10000000000000000010001001010001 3 2 3 2 7 2 3 2 3
10000000000000000010001100000101 3 2 3 2 7 2 3 2 3
10000000000000000010001100010001 3 2 3 2 7 2 3 2 3
10000000000000000010001101000001 3 2 3 2 7 2 3 2 3
10000000000000000010001101000111 3 2 5 2 7 2 3 2 7
10000000000000000010001111000101 3 2 5 2 7 2 3 2 7
10000000000000000010001111010111 3 2 5 2 5 2 3 2 7
10000000000000000010010000000111 3 2 3 2 7 2 3 2 3
10000000000000000010010000001101 3 2 3 2 7 2 3 2 3
10000000000000000010010000010011 3 2 3 2 7 2 3 2 3
10000000000000000010010000011001 3 2 3 2 7 2 3 2 3
10000000000000000010010000100101 3 2 3 2 7 2 3 2 3
10000000000000000010010000110001 3 2 3 2 7 2 3 2 3
10000000000000000010010000111101 3 2 5 2 7 2 3 2 7
10000000000000000010010001000011 3 2 3 2 7 2 3 2 3
10000000000000000010010001001001 3 2 3 2 7 2 3 2 3
10000000000000000010010001100001 3 2 3 2 7 2 3 2 3
10000000000000000010010010000101 3 2 3 2 7 2 3 2 3
10000000000000000010010010010001 3 2 3 2 7 2 3 2 3
10000000000000000010010011000001 3 2 3 2 7 2 3 2 3
10000000000000000010010100000011 3 2 3 2 7 2 3 2 3
10000000000000000010010100001001 3 2 3 2 7 2 3 2 3
10000000000000000010010100100001 3 2 3 2 7 2 3 2 3
10000000000000000010010100111001 3 2 5 2 7 2 3 2 7
10000000000000000010010110000001 3 2 3 2 7 2 3 2 3
10000000000000000010010110000111 3 2 5 2 7 2 3 2 7
10000000000000000010010111001111 3 2 5 2 5 2 3 2 7
10000000000000000010010111110101 5 2 7 2 5 2 5 2 7
10000000000000000010010111111111 3 2 3 2 7 2 3 2 3
10000000000000000010011000000101 3 2 3 2 7 2 3 2 3
10000000000000000010011000010001 3 2 3 2 7 2 3 2 3
10000000000000000010011000110101 3 2 5 2 7 2 3 2 7
10000000000000000010011001000001 3 2 3 2 7 2 3 2 3
10000000000000000010011001011001 3 2 5 2 7 2 3 2 7
10000000000000000010011001111101 3 2 5 2 5 2 3 2 7
10000000000000000010011100000001 3 2 3 2 7 2 3 2 3
10000000000000000010011100110001 3 2 5 2 7 2 3 2 7
10000000000000000010011101111001 3 2 5 2 5 2 3 2 7
10000000000000000010011101111111 3 2 3 2 7 2 3 2 3
10000000000000000010011111000111 3 2 5 2 5 2 3 2 7
10000000000000000010011111011111 3 2 3 2 7 2 3 2 3
10000000000000000010011111110111 3 2 3 2 7 2 3 2 3
10000000000000000010011111111101 3 2 3 2 7 2 3 2 3
10000000000000000010100000010101 3 2 3 2 7 2 3 2 3
10000000000000000010100001000101 3 2 3 2 7 2 3 2 3
10000000000000000010100001010001 3 2 3 2 7 2 3 2 3
10000000000000000010100100000101 3 2 3 2 7 2 3 2 3
10000000000000000010100100010001 3 2 3 2 7 2 3 2 3
10000000000000000010100101000001 3 2 3 2 7 2 3 2 3
10000000000000000010110000000101 3 2 3 2 7 2 3 2 3
10000000000000000010110000010001 3 2 3 2 7 2 3 2 3
10000000000000000010110000011101 3 2 5 2 7 2 3 2 7
10000000000000000010110001000001 3 2 3 2 7 2 3 2 3
10000000000000000010110100000001 3 2 3 2 7 2 3 2 3
10000000000000000010110100011001 3 2 5 2 7 2 3 2 7
10000000000000000010110100111101 3 2 5 2 5 2 3 2 7
10000000000000000010110101010111 5 2 7 2 5 2 5 2 7
10000000000000000010110101111111 3 2 3 2 7 2 3 2 3
10000000000000000010110111011111 3 2 3 2 7 2 3 2 3
10000000000000000010110111110111 3 2 3 2 7 2 3 2 3
10000000000000000010110111111101 3 2 3 2 7 2 3 2 3
10000000000000000010111000010101 3 2 5 2 7 2 3 2 7
10000000000000000010111001011101 3 2 5 2 5 2 3 2 7
10000000000000000010111100010001 3 2 5 2 7 2 3 2 7
10000000000000000010111100110101 3 2 5 2 5 2 3 2 7
10000000000000000010111101011001 3 2 5 2 5 2 3 2 7
10000000000000000010111101011111 3 2 3 2 7 2 3 2 3
10000000000000000010111101110111 3 2 3 2 7 2 3 2 3
10000000000000000010111101111101 3 2 3 2 7 2 3 2 3
10000000000000000010111111010111 3 2 3 2 7 2 3 2 3
10000000000000000010111111011101 3 2 3 2 7 2 3 2 3
10000000000000000010111111110101 3 2 3 2 7 2 3 2 3
10000000000000000011000000000111 3 2 3 2 7 2 3 2 3
10000000000000000011000000001101 3 2 3 2 7 2 3 2 3
10000000000000000011000000010011 3 2 3 2 7 2 3 2 3
10000000000000000011000000011001 3 2 3 2 7 2 3 2 3
10000000000000000011000000100101 3 2 3 2 7 2 3 2 3
10000000000000000011000000110001 3 2 3 2 7 2 3 2 3
10000000000000000011000001000011 3 2 3 2 7 2 3 2 3
10000000000000000011000001001001 3 2 3 2 7 2 3 2 3
10000000000000000011000001100001 3 2 3 2 7 2 3 2 3
10000000000000000011000001110011 3 2 5 2 7 2 3 2 7
10000000000000000011000010000101 3 2 3 2 7 2 3 2 3
10000000000000000011000010010001 3 2 3 2 7 2 3 2 3
10000000000000000011000011000001 3 2 3 2 7 2 3 2 3
10000000000000000011000011110001 3 2 5 2 7 2 3 2 7
10000000000000000011000100000011 3 2 3 2 7 2 3 2 3
10000000000000000011000100001001 3 2 3 2 7 2 3 2 3
10000000000000000011000100001111 3 2 5 2 7 2 3 2 7
10000000000000000011000100100001 3 2 3 2 7 2 3 2 3
10000000000000000011000110000001 3 2 3 2 7 2 3 2 3
10000000000000000011000110001101 3 2 5 2 7 2 3 2 7
10000000000000000011000110011111 3 2 5 2 5 2 3 2 7
10000000000000000011000111111111 3 2 3 2 7 2 3 2 3
10000000000000000011001000000101 3 2 3 2 7 2 3 2 3
10000000000000000011001000010001 3 2 3 2 7 2 3 2 3
10000000000000000011001001000001 3 2 3 2 7 2 3 2 3
10000000000000000011001100000001 3 2 3 2 7 2 3 2 3
10000000000000000011001100000111 3 2 5 2 7 2 3 2 7
10000000000000000011001101001111 3 2 5 2 5 2 3 2 7
10000000000000000011001101111111 3 2 3 2 7 2 3 2 3
10000000000000000011001110000101 3 2 5 2 7 2 3 2 7
10000000000000000011001110010111 3 2 5 2 5 2 3 2 7
10000000000000000011001111001101 3 2 5 2 5 2 3 2 7
10000000000000000011001111011111 3 2 3 2 7 2 3 2 3
10000000000000000011001111110111 3 2 3 2 7 2 3 2 3
10000000000000000011001111111101 3 2 3 2 7 2 3 2 3
10000000000000000011010000000011 3 2 3 2 7 2 3 2 3
10000000000000000011010000001001 3 2 3 2 7 2 3 2 3
10000000000000000011010000100001 3 2 3 2 7 2 3 2 3
10000000000000000011010001100011 3 2 5 2 7 2 3 2 7
10000000000000000011010010000001 3 2 3 2 7 2 3 2 3
10000000000000000011010011100001 3 2 5 2 7 2 3 2 7
10000000000000000011010011110011 3 2 5 2 5 2 3 2 7
10000000000000000011010011111111 3 2 3 2 7 2 3 2 3
10000000000000000011010110001111 3 2 5 2 5 2 3 2 7
10000000000000000011010110111111 3 2 3 2 7 2 3 2 3
10000000000000000011010111101111 3 2 3 2 7 2 3 2 3
10000000000000000011010111111011 3 2 3 2 7 2 3 2 3
10000000000000000011011000000001 3 2 3 2 7 2 3 2 3
10000000000000000011011000011001 3 2 5 2 7 2 3 2 7
10000000000000000011011000111101 3 2 5 2 5 2 3 2 7
