Case #1:
1000000000000001 3 2 5 2 7 2 3 2 7
1000000000010011 3 2 5 2 7 2 3 2 7
1000000000011111 3 2 3 2 7 2 3 2 3
1000000000100101 3 2 5 2 7 2 3 2 7
1000000000110111 3 2 3 2 7 2 3 2 3
1000000000111101 3 2 3 2 7 2 3 2 3
1000000001001001 3 2 5 2 7 2 3 2 7
1000000001001111 3 2 3 2 7 2 3 2 3
1000000001011011 3 2 3 2 7 2 3 2 3
1000000001100111 3 2 3 2 7 2 3 2 3
1000000001101101 3 2 3 2 7 2 3 2 3
1000000001110011 3 2 3 2 7 2 3 2 3
1000000001111001 3 2 3 2 7 2 3 2 3
1000000001111111 3 2 5 2 7 2 3 2 7
1000000010010001 3 2 5 2 7 2 3 2 7
1000000010010111 3 2 3 2 7 2 3 2 3
1000000010011101 3 2 3 2 7 2 3 2 3
1000000010110101 3 2 3 2 7 2 3 2 3
1000000011000111 3 2 3 2 7 2 3 2 3
1000000011001101 3 2 3 2 7 2 3 2 3
1000000011010011 3 2 3 2 7 2 3 2 3
1000000011011001 3 2 3 2 7 2 3 2 3
1000000011100101 3 2 3 2 7 2 3 2 3
1000000011110001 3 2 3 2 7 2 3 2 3
1000000011111101 3 2 5 2 7 2 3 2 7
1000000100001111 3 2 3 2 7 2 3 2 3
1000000100011011 3 2 3 2 7 2 3 2 3
1000000100100001 3 2 5 2 7 2 3 2 7
1000000100100111 3 2 3 2 7 2 3 2 3
1000000100101101 3 2 3 2 7 2 3 2 3
1000000100110011 3 2 3 2 7 2 3 2 3
1000000100111001 3 2 3 2 7 2 3 2 3
1000000101001011 3 2 3 2 7 2 3 2 3
1000000101100011 3 2 3 2 7 2 3 2 3
1000000101101001 3 2 3 2 7 2 3 2 3
1000000101111011 3 2 5 2 7 2 3 2 7
1000000110000111 3 2 3 2 7 2 3 2 3
1000000110001101 3 2 3 2 7 2 3 2 3
1000000110010011 3 2 3 2 7 2 3 2 3
1000000110011001 3 2 3 2 7 2 3 2 3
1000000110100101 3 2 3 2 7 2 3 2 3
1000000110110001 3 2 3 2 7 2 3 2 3
1000000111000011 3 2 3 2 7 2 3 2 3
1000000111001001 3 2 3 2 7 2 3 2 3
1000000111100001 3 2 3 2 7 2 3 2 3
1000000111111001 3 2 5 2 7 2 3 2 7
1000001000010111 3 2 3 2 7 2 3 2 3
1000001000011101 3 2 3 2 7 2 3 2 3
1000001000110101 3 2 3 2 7 2 3 2 3
1000001001000001 3 2 5 2 7 2 3 2 7
