100
2 3 2
1 1 1
2 1 2
3 2 3
73 1 73
22 12 22
1 92 1
100 1 100
50 5 50
2 44 2
87 4 87
100 9 100
10 5 10
25 10 25
84 2 84
10 12 10
7 10 7
14 3 14
100 3 100
5 2 5
5 11 5
26 5 26
51 6 51
5 16 5
3 4 3
89 5 89
16 8 16
4 24 4
41 1 41
99 9 99
14 7 14
1 2 1
60 3 60
1 29 1
15 4 15
2 4 2
40 6 40
81 5 81
12 11 12
2 47 2
10 18 10
97 2 97
80 8 80
88 6 88
19 13 19
9 12 9
3 14 3
2 13 2
32 6 32
3 3 3
74 9 74
100 4 100
33 11 33
100 2 100
91 4 91
68 4 68
2 18 2
7 18 7
20 5 20
29 1 29
4 1 4
1 4 1
1 3 1
85 2 85
4 4 4
38 1 38
72 8 72
5 14 5
1 87 1
65 6 65
47 3 47
4 3 4
4 29 4
48 9 48
53 1 53
64 6 64
37 10 37
25 1 25
61 10 61
3 19 3
46 6 46
6 13 6
3 1 3
2 2 2
40 7 40
1 100 1
2 16 2
2 59 2
1 38 1
4 2 4
39 10 39
16 1 16
3 37 3
85 8 85
31 7 31
16 10 16
59 4 59
25 12 25
64 8 64
53 10 53
