100
3 3
7 17 25 
3 3
10 2 8 
3 3
24 30 3 
3 3
13 24 21 
3 3
12 2 19 
3 3
7 23 17 
3 3
24 20 15 
3 3
17 13 5 
3 3
24 21 11 
3 3
22 8 7 
3 3
25 18 8 
3 3
19 2 1 
3 3
19 13 3 
3 3
5 31 16 
3 3
17 8 13 
3 3
1 12 11 
3 3
2 21 25 
3 3
1 4 24 
3 3
20 2 28 
3 3
20 26 7 
3 3
10 10 5 
3 3
8 9 5 
3 3
17 16 4 
3 3
21 10 5 
3 3
27 13 25 
3 3
22 23 8 
3 3
1 5 19 
3 3
30 13 5 
3 3
21 19 25 
3 3
4 27 26 
3 3
12 3 17 
3 3
2 0 14 
3 3
12 1 6 
3 3
24 13 1 
3 3
31 20 1 
3 3
30 25 29 
3 3
22 16 9 
3 3
23 1 15 
3 3
3 26 30 
3 3
15 0 12 
3 3
4 21 26 
3 3
8 11 16 
3 3
9 18 30 
3 3
18 22 21 
3 3
2 12 15 
3 3
29 31 8 
3 3
7 29 14 
3 3
31 18 1 
3 3
0 14 24 
3 3
23 23 14 
3 3
20 2 7 
3 3
23 30 7 
3 3
1 24 9 
3 3
14 27 2 
3 3
21 2 6 
3 3
6 28 4 
3 3
14 22 10 
3 3
2 19 18 
3 3
4 6 6 
3 3
7 15 19 
3 3
9 17 8 
3 3
19 15 17 
3 3
24 5 15 
3 3
20 16 0 
3 3
23 11 25 
3 3
14 26 11 
3 3
23 24 12 
3 3
15 2 28 
3 3
12 23 31 
3 3
1 13 5 
3 3
17 19 17 
3 3
26 30 3 
3 3
16 1 9 
3 3
17 23 12 
3 3
11 24 15 
3 3
31 18 19 
3 3
12 13 8 
3 3
16 30 8 
3 3
27 13 15 
3 3
15 17 17 
3 3
0 31 23 
3 3
18 19 30 
3 3
20 4 17 
3 3
27 20 22 
3 3
8 29 11 
3 3
1 19 19 
3 3
19 30 27 
3 3
7 25 4 
3 3
25 23 22 
3 3
4 1 25 
3 3
21 21 8 
3 3
16 28 21 
3 3
24 8 14 
3 3
30 24 4 
3 3
26 13 8 
3 3
29 28 25 
3 3
18 19 1 
3 3
9 25 11 
3 3
15 31 5 
3 3
10 17 8 
